6 12 0 0 5 11
2 1 3 2 1 3 1 2 1 2 1 2
1 1 1 1 1 1 1 1 1 1 1 1
2 2 2 2 2 2 2 2 2 2 2 2
3 1 3 1 3 1 3 1 3 1 3 1
1 1 1 1 1 1 1 1 1 1 1 1
2 1 2 1 2 1 2 1 2 1 2 1
12 6 0 0 11 5
3 3 3 3 3 3
3 9 9 9 9 3
3 9 3 3 9 3
3 9 3 9 9 3
3 9 3 9 3 3
3 9 3 3 3 3
3 9 9 9 9 3
3 3 3 3 3 3
9 9 9 9 9 9
3 3 3 3 3 3
1 1 1 1 1 1
1 1 1 1 1 1
9 15 0 0 8 14
1 2 1 3 1 2 1 3 1 2 1 3 1 2 1
2 1 2 1 2 1 2 1 2 1 2 1 2 1 2
1 2 1 2 1 2 1 2 1 2 1 2 1 2 1
3 3 3 3 3 3 3 3 3 3 3 3 3 3 3
1 2 1 2 1 2 1 2 1 2 1 2 1 2 1
2 1 2 1 2 1 2 1 2 1 2 1 2 1 2
1 2 1 2 1 2 1 2 1 2 1 2 1 2 1
2 2 2 2 2 2 2 2 2 2 2 2 2 2 2
1 1 1 1 1 1 1 1 1 1 1 1 1 1 1
0
